Link,Image,Name
https://virginiacancerspecialists.com/,virginiacancerspecialists-com.png,Virginia Cancer Specialists
https://alliancerm.org/,alliancerm-org.png,Alliance for Regenerative Medicine
http://oncossage.wpengine.com/,oncossage.wpengine.com.png,Oncossage
https://www.transplantanesthesia.org/,transplantanesthesia.org.png,Society for the Advancement of Transplant Anesthesia
https://crrimport.wpengine.com/,crrimport.wpengine.com.png,Carlos Rosario School Annual Report
http://amerpowerclean.wpengine.com/,amerpowerclean.wpengine.com.png,American Powerclean
http://isedevelop.wpengine.com/,isedevelop.wpengine.com.png,The Institute for State Effectiveness
https://restoresight.org/,restoresight.org.png,Eye Bank Association of America
https://excelicon.wpengine.com/,excelicon.wpengine.com.png,Excelicon
https://synetictheater.org/,synetictheater.org.png,Synetic Theater
http://thememigration.wpengine.com/,thememigration.wpengine.com.png,CEW Georgetown – Center on Education and the Workforce
https://marylandeyeassociates.com/,marylandeyeassociates.com.png,Maryland Eye Associates -Maryland Eye Associates
http://baitisprod.wpengine.com/,baitisprod-wpengine-com.png,Berard AIT
https://nasaa-arts.org/,nasaa-arts-org.png,National Assembly of State Arts Agencies
https://experiencecascades.com/,experiencecascades.com.png,Cascades Overlook
https://effectivestates.org/,effectivestates-org.png,Institute for State Effectiveness
http://americanimc.org/,americanimc.org.png,American Innovation & Modernization Council
https://www.methanol.org/,methanol.org.png,Methanol Institute
gristrealestate.com,gristrealestate.com.png,Grist – Real Estate Associates
k-9divine.com,k-9divine.com.png,K9 Divine
